[-0.40975945 -0.17618543 -0.29585506  0.13982585 -0.35253152 -0.16931455
 -0.04194696  0.13179017 -0.17974502  0.15442105 -0.06050343 -0.29846662
 -0.09272117 -0.26982264  0.42545447 -0.13710044  0.01708191  0.2186831
 -0.10426495 -0.32772961  0.29311329  0.22740226 -0.12772506 -0.24694231
 -0.16113421 -0.44151611 -0.02753188  0.16828869 -0.05743101  0.07771472
 -0.10641147 -0.23019668  0.18140393 -0.17586159 -0.1705541   0.20977033
 -0.16114088  0.55040325  0.49009348  0.12890239 -0.02148756 -0.04745967
 -0.45819593 -0.14593733 -0.55374851 -0.65571797  0.30395113 -0.04670244
  0.1520886   0.59447946 -0.30028182  0.18722666 -0.31929922 -0.49841313
 -0.56597714 -0.3282982   0.12348016 -0.13542645 -0.19388359 -0.35677622
  0.44331937  0.2623464  -0.66776264 -0.18495516  0.2489036  -0.30218121
  0.11231935 -0.10100042  0.75082946 -0.5098671   0.15160825 -0.08407626
 -0.21898157  0.34610795  0.20782238 -0.11235609 -0.07870368  0.21749797
 -0.2968165   0.11473576  0.20740595 -0.51107106 -0.63488384  0.06414613
 -0.11088695  0.30842609 -0.06354179  0.15037494 -0.30741396  0.01113699
  0.27121688  0.4633625  -0.16124089  0.4085044  -0.31839232  0.29436723
  0.15390162  0.83890189 -0.168746    0.19953774  0.08995956 -0.05270422
  0.20711318  0.57545149 -0.01708354 -0.28872898  0.48374595 -0.52521375
  0.24645642  0.17025755  0.17647267 -0.3873592   0.66992708  0.07654017
  0.38574701  0.02317138  0.62125006 -0.26346424 -0.53129149 -0.00413801
 -0.03124262  0.13683061  0.20937035 -0.31191935 -0.10413875 -0.23573939
  0.3054212   0.25213004  0.21444164  0.17429074 -0.08518296 -0.06689134
  0.55827065  0.17182118  0.40975355]