[ 1.60619681e-01 -4.20491206e-01 -2.56326420e-01 -6.79475810e-02
 -6.66185906e-01 -7.44960212e-01  4.46192669e-01  2.66246328e-01
 -7.49433563e-02 -1.31816700e-01  1.67214165e-01 -2.64873217e-01
 -1.48935620e-01 -1.05445862e-01  1.38383283e-01  4.88464662e-01
  1.43580673e-01 -7.74327487e-02 -2.43670640e-01 -1.32516844e-01
  1.22597041e-01  3.96384841e-02 -8.37493968e-02 -3.35152027e-02
  6.07614467e-01  3.45528673e-02  8.55599185e-03 -8.53862118e-01
  3.24336125e-01  1.16557543e-01  6.11644723e-01  4.93168192e-01
  3.70823612e-01 -4.20418845e-01 -9.69035950e-02  2.50261774e-01
 -2.47468646e-01 -4.39445856e-01  2.00558538e-01  4.52891368e-01
 -7.10034245e-01 -2.37611035e-01 -1.87614058e-02 -9.86727039e-03
  3.77623551e-01 -2.03831772e-01  3.22963449e-01 -2.22329281e-01
  3.86952165e-02 -1.88804845e-01 -5.90330131e-01 -5.63117167e-02
 -3.61302766e-01  8.68114786e-02 -1.11632583e-01 -6.09910989e-02
  1.98199255e-01 -1.59854241e-01  2.96642041e-01 -2.92200031e-01
  2.29421211e-01 -3.40972413e-01 -5.03498536e-02 -1.86375033e-01
 -8.98934703e-02  5.62406095e-01 -1.41549167e-01  4.31235230e-01
 -1.18203963e-01 -2.27225848e-01 -3.45237646e-01 -9.65632035e-02
  2.06787619e-01  3.68657073e-01  1.93279822e-01 -3.23387016e-01
  3.52077918e-01  1.14367075e-01 -3.17355585e-01 -1.86801014e-01
 -5.70119953e-01 -1.59372553e-01 -1.77585836e-01  9.08190347e-02
 -6.68099946e-01 -1.41053443e-01 -2.61026234e-01  3.91317218e-01
  4.00308166e-01  2.92101969e-01 -1.82872191e-02  1.10485105e-01
  3.89310402e-02  1.81805344e-01 -4.25002324e-01 -2.61560883e-01
  1.80407421e-01  8.98438706e-02  1.22461033e-01  1.34787182e-01
 -9.21771062e-02  4.61504838e-01 -3.67558602e-01 -6.67400720e-01
  8.92132198e-01  4.17988353e-01  5.82658816e-02  2.14308475e-01
 -1.63812112e-01 -2.32880383e-01 -5.21592000e-04 -4.10551898e-01
  1.19928846e-01  1.03508508e+00 -6.74658868e-02  5.82489937e-02
  3.99917684e-01  5.64815019e-01  4.22782325e-02 -8.71941338e-02
 -1.49025953e-01  4.37084118e-01 -1.01833764e-01 -3.29223595e-01
 -5.52179440e-02 -9.14058718e-02 -3.65746624e-01  5.42430113e-01
 -4.30175034e-01 -2.52084623e-01 -2.41847289e-01 -1.31126965e-01
 -9.02823511e-03  7.13712818e-02  2.20550898e-01]