[ 1.15635494 -0.18901177 -0.24472842  0.20524233 -0.02982921  1.47634732
  0.14449544  0.10545222 -0.16375249  0.1819567   0.00224327  0.38601587
  0.1548233   0.12798595  0.04101714  0.17703629  0.26313243  0.04414264
 -0.09787486  0.28652382  0.02783104  0.03387792 -0.51902363 -0.335827
 -0.45919304 -0.5650739   0.12473968 -0.02841539  0.26213774 -0.11101028
  0.87613588  0.43076624  0.03568862 -0.24723312 -0.22073911  0.07943951
  0.15280435  0.36911536  0.35560829 -0.36641351 -0.39080194  0.37204019
  0.6101055   0.48509601  0.18987564  0.38665165 -0.10032642  0.30779565
  0.1872642   0.26255423  0.07428396  0.30877922  0.71142749 -0.31319511
  0.11012209 -0.52690017  0.38726141 -0.12009278 -0.21623736 -0.20112622
 -0.0496191   0.21983853 -0.17143186  0.50868899  0.05555856  0.22003908
  0.18335319 -0.34736156 -0.11696372 -0.15240568 -0.27116898 -0.11453925
  0.20195681 -0.66127649  0.28964334 -0.1707985   0.08861632 -0.33727702
 -0.24067414 -0.37972924 -0.21794822  0.01240826 -0.19921898 -0.33217337
 -0.6024082   0.24151741  0.26266581 -0.08898861  0.33528464  0.43502483
 -0.70507028 -0.18116232  0.01140459  0.28078165 -0.08324638 -0.25458296
  0.7479607  -0.19282201  0.14798782  0.20443923 -0.06373151  0.20302312
  0.20566342  0.31045825  0.26266494 -0.12851536 -0.39222433  0.3640345
 -0.10869153 -0.34790483  0.09752153  0.34240793 -0.24295496 -0.36549909
 -0.73178012  0.45196157  0.20954341  0.14856448 -0.39891808 -0.47873136
 -0.15642357 -0.405556    0.14774898 -0.32394034 -0.00217169  0.34167204
 -0.04269082  0.69379775 -0.2786858   0.42159172 -0.0745846   0.30561683
 -0.03038952  0.09506216 -0.20151173]