[-0.0848645  -0.15311416  0.37174421 -0.28482703 -0.35087353  0.18906412
 -0.22149257  0.22820044  0.71356699  0.09267672 -0.1235389  -0.05409265
 -0.47391566 -0.27827516  0.72140993 -0.17374408  0.03233897  0.03433653
  0.21296879  0.84776046 -0.22386259  0.40800553  0.07800116 -0.5654302
 -0.14470006 -0.27353945 -0.04914484  0.41108006 -0.12503248  0.01949622
  1.00061121 -0.49951253  0.06995474  0.36912875 -0.12238068 -0.10909826
 -0.14857085  0.1591916   0.20437953  0.05286074 -0.21201095  0.01970956
 -0.08228002  0.00848448  0.25542626 -0.17721759  0.43546237 -0.08741454
 -0.44985233  0.18787841  0.08519869  0.14288653 -0.05700193  0.15154045
  0.39916681 -0.23380671  0.4154474  -0.04549488 -0.4846566  -0.06416861
 -0.24056478 -0.16742067  0.28105211 -0.13137178 -0.57948225 -0.06386096
  0.31862646 -0.47194641 -0.74998116 -0.09124036 -0.13728614 -0.55650124
 -0.09725488 -0.03168087 -0.44914902  0.43912484 -0.10606228 -0.15569134
 -0.53462951  0.22175538  0.0275214  -0.27561283 -0.48379034 -0.45745587
 -0.57593459  0.01610951  0.21909966  0.73635282  0.13635806  0.18397338
  0.00637229 -0.14619662 -0.33288779 -0.01101374 -0.42505652 -0.06804439
  0.24319492  0.46746474 -0.74870163  0.15379818  0.08329107  0.2899425
 -0.1309799   0.4158271  -0.40635437  0.31824408  0.1615182   0.42202929
  0.06043302  0.00855775  0.27642106 -0.64900343 -0.10186168 -0.1781535
 -0.13359337  0.18906405 -0.39583285 -0.17424719 -0.17927189 -0.04216046
  0.27771296  0.07035658 -0.43255427  0.02512187  0.17395285  0.30245415
 -0.33625869 -0.31773379 -0.02246535 -0.24815654 -0.45014149  0.03679278
 -0.66173538 -0.16583179  0.18040877]